cs = [1 0 0;...
      0 0.5 0;...
      0 0 1;...
      0 0 0;...
      0.4392    0.5020    0.5647;...
      1 0 1;...
      0.4157    0.3529    0.8039;...
      0.0980    0.0980    0.4392;...
      0.3333    0.4196    0.1843;...
      1.0000    0.2706         0;...
      0 0 0.5];
     
  
cs = [   0         0    1.0000
    1.0000         0         0
         0         0    0.2069
    1.0000         0    0.6897
         0    0.3103         0
    0.4828    0.7241    0.1034
         0    0.6207    1.0000
    0.6207    0.3103    0.2759
    0.4483    0.2069    0.7241
    0.0690    0.4828    0.5172
    1.0000    0.6897    1.0000
    1.0000    0.8276         0
    0.8276    0.4483         0
    0.7586    0.6897    0.4138
    0.8966         0    1.0000
    0.1379    0.1034         0
    0.9310    0.0345    0.3448
    0.4828         0    0.3448
    0.4828    0.4138    0.5862
    0.3448    0.6552    0.4483
    0.4138    0.3103         0
    0.6207         0         0
    1.0000    0.6897    0.6897
         0    0.2759    0.6207
    0.9310    0.4483    1.0000];  